latitude:0.030067777777777777,longitude:0.028082222222222224
latitude:0.030067777777777777,longitude:0.028082222222222224
latitude:0.030067777777777777,longitude:0.028082222222222224
latitude:0.030067777777777777,longitude:0.028082222222222224